60000	70.34305339
60014.66276	71.28185719
60029.32551	70.94579553
60043.98827	68.55385907
60058.65103	65.93890487
60073.31378	64.24350477
60087.97654	63.75821358
60102.6393	64.28008832
60117.30205	65.41851214
60131.96481	66.76537772
60146.62757	67.74467297
60161.29032	67.71166426
60175.95308	66.89085652
60190.61584	65.88305318
60205.27859	65.11571373
60219.94135	63.71777545
60234.60411	59.43445231
60249.26686	55.53646593
60263.92962	57.2925641
60278.59238	61.28248709
60293.25513	63.81200516
60307.91789	65.35949439
60322.58065	66.38213924
60337.2434	66.89599989
60351.90616	67.17971314
60366.56891	67.45440152
60381.23167	67.44935826
60395.89443	67.14583079
60410.55718	66.88722372
60425.21994	66.63555285
60439.8827	66.28057754
60454.54545	66.2193341
60469.20821	66.64836169
60483.87097	67.21682701
60498.53372	67.75121348
60513.19648	68.24825447
60527.85924	68.66927657
60542.52199	68.92327512
60557.18475	68.8447519
60571.84751	68.51093802
60586.51026	68.22469854
60601.17302	68.03856723
60615.83578	67.86181229
60630.49853	67.56211507
60645.16129	67.10492166
60659.82405	66.60216653
60674.4868	66.19013332
60689.14956	65.99992751
60703.81232	66.10400934
60718.47507	66.39068062
60733.13783	66.45623409
60747.80059	66.39462395
60762.46334	66.64644902
60777.1261	66.91025422
60791.78886	66.8746886
60806.45161	66.88913675
60821.11437	67.00963759
60835.77713	66.84014075
60850.43988	66.25135206
60865.10264	65.30543581
60879.7654	64.15889474
60894.42815	63.17191591
60909.09091	62.91466752
60923.75367	63.02261093
60938.41642	62.68448955
60953.07918	62.22510423
60967.74194	62.08804942
60982.40469	62.08390787
60997.06745	62.00807025
61011.73021	61.73844601
61026.39296	61.27161594
61041.05572	60.76090026
61055.71848	60.63382139
61070.38123	60.93703827
61085.04399	61.16258904
61099.70674	61.13913874
61114.3695	60.92957365
61129.03226	60.57361776
61143.69501	60.28205882
61158.35777	60.53202818
61173.02053	61.14731089
61187.68328	61.5109575
61202.34604	61.69091059
61217.0088	61.8834004
61231.67155	61.89586639
61246.33431	61.71814698
61260.99707	61.57905986
61275.65982	61.44197932
61290.32258	61.20988746
61304.98534	61.03772125
61319.64809	61.04026448
61334.31085	61.17729689
61348.97361	61.43102193
61363.63636	61.77220798
61378.29912	61.98503701
61392.96188	62.02130894
61407.62463	62.25757009
61422.28739	62.75298148
61436.95015	63.23438132
61451.6129	63.57699482
61466.27566	63.77044407
61480.93842	63.91818255
61495.60117	64.15219773
61510.26393	64.58303493
61524.92669	64.99831281
61539.58944	65.13764736
61554.2522	65.24765995
61568.91496	65.48457034
61583.57771	65.60375215
61598.24047	65.56043556
61612.90323	65.49228713
61627.56598	65.46431522
61642.22874	65.50373603
61656.8915	65.61327706
61671.55425	65.81512871
61686.21701	66.14203806
61700.87977	66.51233135
61715.54252	66.79832362
61730.20528	66.91969815
61744.86804	66.88306923
61759.53079	66.80305146
61774.19355	66.76784093
61788.8563	66.79799567
61803.51906	66.73087997
61818.18182	66.50815906
61832.84457	66.39119357
61847.50733	66.41779529
61862.17009	66.41116083
61876.83284	66.3653087
61891.4956	66.34547256
61906.15836	66.4145598
61920.82111	66.61679216
61935.48387	66.95557184
61950.14663	67.25777098
61964.80938	67.32762784
61979.47214	67.282417
61994.1349	67.23748363
62008.79765	67.18210159
62023.46041	67.08593786
62038.12317	66.91922117
62052.78592	66.6835269
62067.44868	66.41068102
62082.11144	66.17384813
62096.77419	66.00473501
62111.43695	65.88624794
62126.09971	65.80312142
62140.76246	65.73311592
62155.42522	65.63163828
62170.08798	65.54759674
62184.75073	65.65116471
62199.41349	65.903144
62214.07625	66.12801658
62228.739	66.19270638
62243.40176	66.08438106
62258.06452	65.97812154
62272.72727	65.88263677
62287.39003	65.69406832
62302.05279	65.61303093
62316.71554	65.792385
62331.3783	65.9107303
62346.04106	65.85716305
62360.70381	65.85266229
62375.36657	66.06938619
62390.02933	66.53860805
62404.69208	66.94501276
62419.35484	67.10580983
62434.0176	67.19003951
62448.68035	67.25723679
62463.34311	67.27907362
62478.00587	67.32854012
62492.66862	67.39121075
62507.33138	67.2187993
62521.99413	66.87344818
62536.65689	66.72117707
62551.31965	66.84917315
62565.9824	67.18277133
62580.64516	67.58749204
62595.30792	67.9767287
62609.97067	68.34155492
62624.63343	68.65733552
62639.29619	68.91326195
62653.95894	69.19844168
62668.6217	69.50706763
62683.28446	69.61649479
62697.94721	69.59544469
62712.60997	69.72555665
62727.27273	69.94832427
62741.93548	70.09752141
62756.59824	70.06435047
62771.261	69.92915816
62785.92375	69.94077063
62800.58651	70.04976428
62815.24927	70.0899549
62829.91202	70.0815814
62844.57478	70.04904288
62859.23754	69.96673801
62873.90029	69.87135529
62888.56305	69.82921931
62903.22581	69.82890647
62917.88856	69.83887822
62932.55132	69.84273609
62947.21408	69.81982515
62961.87683	69.74876487
62976.53959	69.64530441
62991.20235	69.54439606
63005.8651	69.48673609
63020.52786	69.43338433
63035.19062	69.25894946
63049.85337	69.03194774
63064.51613	68.89557914
63079.17889	68.78788033
63093.84164	68.6929893
63108.5044	68.74673425
63123.16716	68.84903573
63137.82991	68.76418151
63152.49267	68.61212357
63167.15543	68.5658504
63181.81818	68.57839649
63196.48094	68.5159275
63211.1437	68.22255746
63225.80645	67.85718598
63240.46921	67.62003032
63255.13196	67.35910126
63269.79472	67.00928632
63284.45748	66.74216433
63299.12023	66.48550886
63313.78299	66.07799802
63328.44575	65.82100558
63343.1085	65.87853926
63357.77126	65.89290221
63372.43402	65.58707457
63387.09677	64.85753508
63401.75953	63.82517654
63416.42229	62.75445281
63431.08504	62.03448044
63445.7478	61.70870029
63460.41056	61.4035266
63475.07331	61.09880463
63489.73607	60.9483914
63504.39883	60.95915473
63519.06158	60.97459509
63533.72434	60.65500538
63548.3871	60.07187132
63563.04985	59.62933471
63577.71261	59.6949693
63592.37537	60.3501307
63607.03812	61.09471037
63621.70088	61.62807752
63636.36364	61.96056329
63651.02639	62.13794974
63665.68915	62.290795
63680.35191	62.7924118
63695.01466	63.64712051
63709.67742	64.32319302
63724.34018	64.82671235
63739.00293	65.42776987
63753.66569	65.93752663
63768.32845	66.22532996
63782.9912	66.55382515
63797.65396	66.95799375
63812.31672	67.25758278
63826.97947	67.46192652
63841.64223	67.66073745
63856.30499	67.94766604
63870.96774	68.29960031
63885.6305	68.56950491
63900.29326	68.76632071
63914.95601	68.9800266
63929.61877	69.25052429
63944.28152	69.57814305
63958.94428	69.9175806
63973.60704	70.20255111
63988.26979	70.37956167
64002.93255	70.51449004
64017.59531	70.69415863
64032.25806	70.95153978
64046.92082	71.2010054
64061.58358	71.27746269
64076.24633	71.27088249
64090.90909	71.3153125
64105.57185	71.33706983
64120.2346	71.29086828
64134.89736	71.23048895
64149.56012	71.18222379
64164.22287	71.13687665
64178.88563	71.02820945
64193.54839	70.84591917
64208.21114	70.70326747
64222.8739	70.65381771
64237.53666	70.67418919
64252.19941	70.66459624
64266.86217	70.55046949
64281.52493	70.40119818
64296.18768	70.26952252
64310.85044	70.16175778
64325.5132	70.07181802
64340.17595	69.96845529
64354.83871	69.75937221
64369.50147	69.44776252
64384.16422	69.20107039
64398.82698	69.04723666
64413.48974	68.90997252
64428.15249	68.75879267
64442.81525	68.61938612
64457.47801	68.59775223
64472.14076	68.72833207
64486.80352	68.95044451
64501.46628	69.1078721
64516.12903	69.07954749
64530.79179	68.97799347
64545.45455	68.91726791
64560.1173	68.94692559
64574.78006	69.00062675
64589.44282	68.97380992
64604.10557	68.87242928
64618.76833	68.76480967
64633.43109	68.76723921
64648.09384	68.89812607
64662.7566	69.08473649
64677.41935	69.22061631
64692.08211	69.246927
64706.74487	69.24026161
64721.40762	69.27241527
64736.07038	69.37588643
64750.73314	69.51346881
64765.39589	69.62414161
64780.05865	69.6900093
64794.72141	69.67490486
64809.38416	69.51562388
64824.04692	69.31399913
64838.70968	69.23462418
64853.37243	69.21511622
64868.03519	69.19511114
64882.69795	69.27305446
64897.3607	69.41991077
64912.02346	69.50373894
64926.68622	69.63898314
64941.34897	69.93154967
64956.01173	70.19621402
64970.67449	70.34604683
64985.33724	70.48856671
65000	70.69754167
65014.66276	70.98268833
65029.32551	71.20928433
65043.98827	71.28782749
65058.65103	71.26615277
65073.31378	71.23985365
65087.97654	71.30044777
65102.6393	71.38417663
65117.30205	71.42153781
65131.96481	71.47058245
65146.62757	71.5573577
65161.29032	71.66080625
65175.95308	71.81180475
65190.61584	72.02428013
65205.27859	72.18636875
65219.94135	72.23350749
65234.60411	72.21337201
65249.26686	72.19428607
65263.92962	72.23398944
65278.59238	72.30327858
65293.25513	72.3519628
65307.91789	72.34063986
65322.58065	72.28463266
65337.2434	72.23824908
65351.90616	72.20159548
65366.56891	72.16934155
65381.23167	72.18739654
65395.89443	72.22921693
65410.55718	72.18517917
65425.21994	72.08266123
65439.8827	72.00548628
65454.54545	71.96085597
65469.20821	71.91267637
65483.87097	71.79285124
65498.53372	71.61410224
65513.19648	71.44758471
65527.85924	71.32988732
65542.52199	71.28123797
65557.18475	71.30884066
65571.84751	71.3470757
65586.51026	71.2863005
65601.17302	71.22180374
65615.83578	71.30343647
65630.49853	71.52759196
65645.16129	71.7673173
65659.82405	71.79240536
65674.4868	71.64402053
65689.14956	71.50735105
65703.81232	71.43380846
65718.47507	71.40987041
65733.13783	71.38160912
65747.80059	71.3349513
65762.46334	71.30291534
65777.1261	71.37206644
65791.78886	71.58536262
65806.45161	71.83347434
65821.11437	72.04096533
65835.77713	72.2100153
65850.43988	72.39407331
65865.10264	72.63887909
65879.7654	72.86499232
65894.42815	73.03432647
65909.09091	73.20906714
65923.75367	73.35841347
65938.41642	73.3978281
65953.07918	73.33651469
65967.74194	73.24485829
65982.40469	73.24885431
65997.06745	73.35972599
66011.73021	73.47223975
66026.39296	73.51138891
66041.05572	73.46264231
66055.71848	73.43470983
66070.38123	73.50459227
66085.04399	73.66303594
66099.70674	73.80040879
66114.3695	73.80234451
66129.03226	73.7908249
66143.69501	73.85528257
66158.35777	73.92199478
66173.02053	73.94138002
66187.68328	73.89921843
66202.34604	73.78357372
66217.0088	73.624525
66231.67155	73.55464049
66246.33431	73.62346606
66260.99707	73.76307266
66275.65982	73.8422696
66290.32258	73.75636228
66304.98534	73.57828876
66319.64809	73.44218705
66334.31085	73.49010618
66348.97361	73.605427
66363.63636	73.55081855
66378.29912	73.41481815
66392.96188	73.32018722
66407.62463	73.2614045
66422.28739	73.24688347
66436.95015	73.29256498
66451.6129	73.27357804
66466.27566	73.09987243
66480.93842	72.97012905
66495.60117	72.98477079
66510.26393	73.05719195
66524.92669	73.12052555
66539.58944	73.1285382
66554.2522	73.04627185
66568.91496	72.91410944
66583.57771	72.88955836
66598.24047	72.96780944
66612.90323	73.0244067
66627.56598	73.06053358
66642.22874	73.10249941
66656.8915	73.13403737
66671.55425	73.18061952
66686.21701	73.30194374
66700.87977	73.41551487
66715.54252	73.42797012
66730.20528	73.46212498
66744.86804	73.63497674
66759.53079	73.97655152
66774.19355	74.33585544
66788.8563	74.50717901
66803.51906	74.54715512
66818.18182	74.57206137
66832.84457	74.64206325
66847.50733	74.77698824
66862.17009	74.95963787
66876.83284	75.13187244
66891.4956	75.24070479
66906.15836	75.28835622
66920.82111	75.29441928
66935.48387	75.28857924
66950.14663	75.31825837
66964.80938	75.42077268
66979.47214	75.55468022
66994.1349	75.66785316
67008.79765	75.72327726
67023.46041	75.70863629
67038.12317	75.63958519
67052.78592	75.58005687
67067.44868	75.49285243
67082.11144	75.07473991
67096.77419	74.33147208
67111.43695	73.58982796
67126.09971	72.87622727
67140.76246	72.13444409
67155.42522	71.49475085
67170.08798	71.15530746
67184.75073	71.33263902
67199.41349	72.0315645
67214.07625	73.07619623
67228.739	74.11534928
67243.40176	74.91549161
67258.06452	75.54460512
67272.72727	76.02746633
67287.39003	76.33592784
67302.05279	76.53649287
67316.71554	76.69647602
67331.3783	76.7760443
67346.04106	76.78120926
67360.70381	76.7853806
67375.36657	76.79935675
67390.02933	76.80247332
67404.69208	76.78781219
67419.35484	76.72725041
67434.0176	76.56292728
67448.68035	76.40155972
67463.34311	76.42269499
67478.00587	76.52412384
67492.66862	76.57435446
67507.33138	76.57128647
67521.99413	76.52265512
67536.65689	76.4342651
67551.31965	76.36037555
67565.9824	76.35354465
67580.64516	76.38861462
67595.30792	76.40122332
67609.97067	76.311319
67624.63343	76.22313635
67639.29619	76.28902043
67653.95894	76.40579113
67668.6217	76.45607858
67683.28446	76.44123586
67697.94721	76.39716225
67712.60997	76.37384674
67727.27273	76.39387203
67741.93548	76.45850877
67756.59824	76.54380234
67771.261	76.62925057
67785.92375	76.70302538
67800.58651	76.75103701
67815.24927	76.76864127
67829.91202	76.79019584
67844.57478	76.8436257
67859.23754	76.93416213
67873.90029	77.06521956
67888.56305	77.24565847
67903.22581	77.5078409
67917.88856	77.82375786
67932.55132	78.02566498
67947.21408	78.09896704
67961.87683	78.17605623
67976.53959	78.2619715
67991.20235	78.33749365
68005.8651	78.46859454
68020.52786	78.66408235
68035.19062	78.83923203
68049.85337	78.94615352
68064.51613	78.97350988
68079.17889	78.94987853
68093.84164	78.92894357
68108.5044	78.98230918
68123.16716	79.0697729
68137.82991	79.08258329
68152.49267	79.0349204
68167.15543	78.97523705
68181.81818	78.91489311
68196.48094	78.88473291
68211.1437	78.92810414
68225.80645	78.96498616
68240.46921	78.90909676
68255.13196	78.84275516
68269.79472	78.82896953
68284.45748	78.84061666
68299.12023	78.833506
68313.78299	78.76420096
68328.44575	78.62507838
68343.1085	78.44267623
68357.77126	78.28508383
68372.43402	78.15708955
68387.09677	78.00793684
68401.75953	77.8359363
68416.42229	77.67638496
68431.08504	77.60310842
68445.7478	77.64412878
68460.41056	77.75872264
68475.07331	77.86605247
68489.73607	77.90203719
68504.39883	77.93383727
68519.06158	78.02343173
68533.72434	78.16040221
68548.3871	78.30510878
68563.04985	78.39903499
68577.71261	78.37521408
68592.37537	78.23401089
68607.03812	78.12378995
68621.70088	78.10255438
68636.36364	78.11283812
68651.02639	78.12801826
68665.68915	78.14980945
68680.35191	78.21140691
68695.01466	78.33146602
68709.67742	78.50220509
68724.34018	78.74756539
68739.00293	79.0750178
68753.66569	79.33738834
68768.32845	79.42289895
68782.9912	79.38610415
68797.65396	79.3180163
68812.31672	79.31268223
68826.97947	79.3828725
68841.64223	79.48897857
68856.30499	79.54596699
68870.96774	79.56527213
68885.6305	79.66863628
68900.29326	79.83485697
68914.95601	79.97413708
68929.61877	80.0635959
68944.28152	80.12112227
68958.94428	80.20142562
68973.60704	80.31751524
68988.26979	80.44550633
69002.93255	80.54711434
69017.59531	80.59776341
69032.25806	80.61543211
69046.92082	80.65719072
69061.58358	80.7999224
69076.24633	81.0141062
69090.90909	81.22118762
69105.57185	81.34555957
69120.2346	81.39637945
69134.89736	81.48918698
69149.56012	81.63983626
69164.22287	81.79888311
69178.88563	81.93788084
69193.54839	82.02787301
69208.21114	82.03284661
69222.8739	81.98190023
69237.53666	81.94886108
69252.19941	81.94300482
69266.86217	81.94259212
69281.52493	81.91754317
69296.18768	81.86297893
69310.85044	81.80762643
69325.5132	81.80896495
69340.17595	81.90703313
69354.83871	82.03955581
69369.50147	82.12809577
69384.16422	82.11469528
69398.82698	82.01474427
69413.48974	81.88989859
69428.15249	81.76912136
69442.81525	81.66330185
69457.47801	81.56898886
69472.14076	81.50592263
69486.80352	81.50637645
69501.46628	81.52304247
69516.12903	81.50453006
69530.79179	81.50033752
69545.45455	81.54892589
69560.1173	81.65178441
69574.78006	81.8233638
69589.44282	82.06815057
69604.10557	82.32030518
69618.76833	82.52500207
69633.43109	82.68461671
69648.09384	82.80991712
69662.7566	82.91341503
69677.41935	83.00576098
69692.08211	83.1024357
69706.74487	83.22999125
69721.40762	83.3756535
69736.07038	83.48885124
69750.73314	83.5827715
69765.39589	83.69059859
69780.05865	83.79252226
69794.72141	83.89852763
69809.38416	84.07000234
69824.04692	84.25968281
69838.70968	84.3760027
69853.37243	84.47173831
69868.03519	84.58782489
69882.69795	84.64204647
69897.3607	84.61931072
69912.02346	84.57944026
69926.68622	84.56587327
69941.34897	84.59733043
69956.01173	84.64816422
69970.67449	84.68748625
69985.33724	84.6920037
70000	84.66876079
70014.66276	84.65255447
70029.32551	84.71756599
70043.98827	84.88456412
70058.65103	85.07055094
70073.31378	85.2022599
70087.97654	85.2386746
70102.6393	85.22079249
70117.30205	85.22151811
70131.96481	85.31294706
70146.62757	85.46922939
70161.29032	85.57052355
70175.95308	85.57882813
70190.61584	85.52141229
70205.27859	85.49490532
70219.94135	85.55847951
70234.60411	85.69037264
70249.26686	85.82175279
70263.92962	85.87936203
70278.59238	85.89933274
70293.25513	85.93251557
70307.91789	85.99630361
70322.58065	86.07358507
70337.2434	86.12539567
70351.90616	86.1454538
70366.56891	86.16003
70381.23167	86.24340104
70395.89443	86.41322072
70410.55718	86.60836839
70425.21994	86.7582114
70439.8827	86.81985201
70454.54545	86.85499503
70469.20821	86.93212947
70483.87097	87.07842732
70498.53372	87.22181548
70513.19648	87.24995182
70527.85924	87.23235692
70542.52199	87.26891761
70557.18475	87.39303319
70571.84751	87.60196544
70586.51026	87.86058992
70601.17302	88.093734
70615.83578	88.23383464
70630.49853	88.29807136
70645.16129	88.32016541
70659.82405	88.33171766
70674.4868	88.34074648
70689.14956	88.34689201
70703.81232	88.37561119
70718.47507	88.44423792
70733.13783	88.53966286
70747.80059	88.65364782
70762.46334	88.78201033
70777.1261	88.90042382
70791.78886	88.98928181
70806.45161	89.05903841
70821.11437	89.12057017
70835.77713	89.17882582
70850.43988	89.23813479
70865.10264	89.29820717
70879.7654	89.34224546
70894.42815	89.36833794
70909.09091	89.40231588
70923.75367	89.45811011
70938.41642	89.53387021
70953.07918	89.60359748
70967.74194	89.65703585
70982.40469	89.73603515
70997.06745	89.86616427
71011.73021	90.04264558
71026.39296	90.20487278
71041.05572	90.27899391
71055.71848	90.22504192
71070.38123	90.10998566
71085.04399	90.11974684
71099.70674	90.28713304
71114.3695	90.53749955
71129.03226	90.77562215
71143.69501	90.95595638
71158.35777	91.12833726
71173.02053	91.33387339
71187.68328	91.58528297
71202.34604	91.82877979
71217.0088	92.00236671
71231.67155	92.09125216
71246.33431	92.14044659
71260.99707	92.24334516
71275.65982	92.40325604
71290.32258	92.57564713
71304.98534	92.71539542
71319.64809	92.81527481
71334.31085	92.92600154
71348.97361	93.10194963
71363.63636	93.37314596
71378.29912	93.65311978
71392.96188	93.85235038
71407.62463	93.94892081
71422.28739	93.9908619
71436.95015	94.0698781
71451.6129	94.18777337
71466.27566	94.30995889
71480.93842	94.41929535
71495.60117	94.50939222
71510.26393	94.58654455
71524.92669	94.68683665
71539.58944	94.8408528
71554.2522	94.99803052
71568.91496	95.10664178
71583.57771	95.15650894
71598.24047	95.19582765
71612.90323	95.30323257
71627.56598	95.47953362
71642.22874	95.67746225
71656.8915	95.80747783
71671.55425	95.84661331
71686.21701	95.8522697
71700.87977	95.88937638
71715.54252	95.99584273
71730.20528	96.1129868
71744.86804	96.1954971
71759.53079	96.24677599
71774.19355	96.28202983
71788.8563	96.32220771
71803.51906	96.3889234
71818.18182	96.48584136
71832.84457	96.58133118
71847.50733	96.66766081
71862.17009	96.76464854
71876.83284	96.90412167
71891.4956	97.11253217
71906.15836	97.38629895
71920.82111	97.57546004
71935.48387	97.40977065
71950.14663	97.12571948
71964.80938	97.1338024
71979.47214	97.33734723
71994.1349	97.57546485
72008.79765	97.78373311
72023.46041	97.9486737
72038.12317	98.09842707
72052.78592	98.30655499
72067.44868	98.62138772
72082.11144	98.99465373
72096.77419	99.3620495
72111.43695	99.66802198
72126.09971	99.94718902
72140.76246	100.2621945
72155.42522	100.6325298
72170.08798	101.0265733
72184.75073	101.3631402
72199.41349	101.663612
72214.07625	102.0067536
72228.739	102.4098449
72243.40176	102.8611236
72258.06452	103.3273761
72272.72727	103.7775175
72287.39003	104.1923864
72302.05279	104.5975327
72316.71554	105.0419722
72331.3783	105.5852713
72346.04106	106.1750715
72360.70381	106.6489678
72375.36657	107.0608393
72390.02933	107.5415483
72404.69208	108.0757534
72419.35484	108.6978045
72434.0176	109.796779
72448.68035	110.793538
72463.34311	110.9803393
72478.00587	111.1594095
72492.66862	111.3576481
72507.33138	111.580369
72521.99413	111.8201843
72536.65689	112.0604324
72551.31965	112.2837276
72565.9824	112.5175952
72580.64516	112.791939
72595.30792	113.0792948
72609.97067	113.3305199
72624.63343	113.4912165
72639.29619	113.5920351
72653.95894	113.7108798
72668.6217	113.875156
72683.28446	114.0810793
72697.94721	114.2901362
72712.60997	114.3985632
72727.27273	114.3229609
72741.93548	114.4218533
72756.59824	114.7120457
72771.261	113.7778695
72785.92375	111.619916
72800.58651	109.9279419
72815.24927	110.3996768
72829.91202	110.0359646
72844.57478	109.8099739
72859.23754	109.6334965
72873.90029	109.4796128
72888.56305	109.3152101
72903.22581	109.0746858
72917.88856	108.7599
72932.55132	108.5337412
72947.21408	108.4363294
72961.87683	108.3751045
72976.53959	108.2953384
72991.20235	108.1883074
73005.8651	108.1190005
73020.52786	108.1154865
73035.19062	108.1394734
73049.85337	108.1659717
73064.51613	108.1774325
73079.17889	108.140915
73093.84164	108.0565268
73108.5044	107.9850929
73123.16716	107.9589824
73137.82991	107.9748357
73152.49267	107.9906412
73167.15543	107.9754699
73181.81818	107.961531
73196.48094	107.9812869
73211.1437	108.0494058
73225.80645	108.1140561
73240.46921	108.1198201
73255.13196	108.1004505
73269.79472	108.0929119
73284.45748	108.1066487
73299.12023	108.1458324
73313.78299	108.1983942
73328.44575	108.1835678
73343.1085	108.0594243
73357.77126	107.8970865
73372.43402	107.7620169
73387.09677	107.6888463
73401.75953	107.6379451
73416.42229	107.5563775
73431.08504	107.4464982
73445.7478	107.3333885
73460.41056	107.2531399
73475.07331	107.1894771
73489.73607	107.1040809
73504.39883	106.9880732
73519.06158	106.8504931
73533.72434	106.7155013
73548.3871	106.5866607
73563.04985	106.4463618
73577.71261	106.2558638
73592.37537	106.0020206
73607.03812	105.7419372
73621.70088	105.5139951
73636.36364	105.3242555
73651.02639	105.1714351
73665.68915	105.0349392
73680.35191	104.8408337
73695.01466	104.5828544
73709.67742	104.3575249
73724.34018	104.1861469
73739.00293	104.0406456
73753.66569	103.9121644
73768.32845	103.7777417
73782.9912	103.5773058
73797.65396	103.3227978
73812.31672	103.0877391
73826.97947	102.9020597
73841.64223	102.7560457
73856.30499	102.5888723
73870.96774	102.4128887
73885.6305	102.3297852
73900.29326	102.3504996
73914.95601	102.4277427
73929.61877	102.5038662
73944.28152	102.5423186
73958.94428	102.5462656
73973.60704	102.5540002
73988.26979	102.6127839
74002.93255	102.7008978
74017.59531	102.7845324
74032.25806	102.8598598
74046.92082	102.9315472
74061.58358	103.0106437
74076.24633	103.1225582
74090.90909	103.2750993
74105.57185	103.409495
74120.2346	103.5017471
74134.89736	103.5945488
74149.56012	103.7203494
74164.22287	103.8884475
74178.88563	104.0496582
74193.54839	104.1592818
74208.21114	104.2111091
74222.8739	104.2361903
74237.53666	104.2866025
74252.19941	104.3751187
74266.86217	104.4848196
74281.52493	104.5658899
74296.18768	104.5983594
74310.85044	104.6036894
74325.5132	104.6148949
74340.17595	104.6559275
74354.83871	104.7050253
74369.50147	104.7332872
74384.16422	104.7214905
74398.82698	104.6893309
74413.48974	104.6769137
74428.15249	104.6856235
74442.81525	104.6951217
74457.47801	104.6682168
74472.14076	104.6124508
74486.80352	104.5745917
74501.46628	104.5573254
74516.12903	104.541958
74530.79179	104.5108206
74545.45455	104.4551236
74560.1173	104.3789072
74574.78006	104.3022046
74589.44282	104.2433862
74604.10557	104.1806875
74618.76833	104.095329
74633.43109	103.9958871
74648.09384	103.9078042
74662.7566	103.8592864
74677.41935	103.8255564
74692.08211	103.7692483
74706.74487	103.6698124
74721.40762	103.539252
74736.07038	103.4206306
74750.73314	103.3416326
74765.39589	103.3093231
74780.05865	103.2910417
74794.72141	103.2699644
74809.38416	103.2641144
74824.04692	103.2813366
74838.70968	103.3175726
74853.37243	103.3561516
74868.03519	103.3881353
74882.69795	103.4287552
74897.3607	103.4849813
74912.02346	103.5533653
74926.68622	103.6314207
74941.34897	103.7175196
74956.01173	103.8110187
74970.67449	103.9133262
74985.33724	104.0293574
75000	104.1757288
75014.66276	104.3648375
75029.32551	104.5640237
75043.98827	104.7568739
75058.65103	104.9686543
75073.31378	105.1693516
75087.97654	105.302521
75102.6393	105.4147045
75117.30205	105.5640199
75131.96481	105.7407475
75146.62757	105.9189294
75161.29032	106.0688804
75175.95308	106.1871687
75190.61584	106.2891998
75205.27859	106.4074548
75219.94135	106.551044
75234.60411	106.6902621
75249.26686	106.8031517
75263.92962	106.8852541
75278.59238	106.9795379
75293.25513	107.1162825
75307.91789	107.2762644
75322.58065	107.4358789
75337.2434	107.5742612
75351.90616	107.6773897
75366.56891	107.7554214
75381.23167	107.8757001
75395.89443	108.0391403
75410.55718	108.162415
75425.21994	108.2309319
75439.8827	108.2740812
75454.54545	108.3318887
75469.20821	108.4253049
75483.87097	108.5383195
75498.53372	108.6377741
75513.19648	108.6941421
75527.85924	108.7554937
75542.52199	108.8596732
75557.18475	108.9693132
75571.84751	109.0771119
75586.51026	109.2087348
75601.17302	109.3215741
75615.83578	109.3747367
75630.49853	109.4426453
75645.16129	109.5569823
75659.82405	109.6633717
75674.4868	109.7364592
75689.14956	109.7837797
75703.81232	109.8543128
75718.47507	109.975658
75733.13783	110.1108393
75747.80059	110.2202074
75762.46334	110.278289
75777.1261	110.3244033
75791.78886	110.414606
75806.45161	110.5825778
75821.11437	110.7939438
75835.77713	110.950242
75850.43988	111.0470718
75865.10264	111.135109
75879.7654	111.2652589
75894.42815	111.4475206
75909.09091	111.6295352
75923.75367	111.768842
75938.41642	111.8457707
75953.07918	111.893495
75967.74194	111.9525798
75982.40469	112.0377448
75997.06745	112.1175266
76011.73021	112.1301867
76026.39296	112.1031581
76041.05572	112.0857298
76055.71848	112.0765812
76070.38123	112.0620746
76085.04399	112.0272615
76099.70674	111.9648515
76114.3695	111.8732612
76129.03226	111.7541911
76143.69501	111.6158525
76158.35777	111.475495
76173.02053	111.3384368
76187.68328	111.1965154
76202.34604	111.0270764
76217.0088	110.815392
76231.67155	110.5809304
76246.33431	110.3485347
76260.99707	110.1388302
76275.65982	109.934357
76290.32258	109.7067409
76304.98534	109.4547903
76319.64809	109.1942935
76334.31085	108.9541978
76348.97361	108.7299099
76363.63636	108.4939923
76378.29912	108.2288454
76392.96188	107.9414069
76407.62463	107.6794172
76422.28739	107.4629999
76436.95015	107.2727708
76451.6129	107.037874
76466.27566	106.7065502
76480.93842	106.3487807
76495.60117	106.0316741
76510.26393	105.7846397
76524.92669	105.568642
76539.58944	105.3219706
76554.2522	105.0424041
76568.91496	104.7548065
76583.57771	104.5006031
76598.24047	104.3092685
76612.90323	104.1841257
76627.56598	104.0408244
76642.22874	103.810565
76656.8915	103.5291581
76671.55425	103.2589777
76686.21701	103.0617719
76700.87977	102.9146408
76715.54252	102.7498477
76730.20528	102.4975859
76744.86804	102.1704098
76759.53079	101.8899001
76774.19355	101.66508
76788.8563	101.4361653
76803.51906	101.1959473
76818.18182	100.9644671
76832.84457	100.7789403
76847.50733	100.6319514
76862.17009	100.4779089
76876.83284	100.302759
76891.4956	100.1016107
76906.15836	99.86088802
76920.82111	99.62145272
76935.48387	99.48037052
76950.14663	99.41094621
76964.80938	99.32211182
76979.47214	99.16501589
76994.1349	98.93968101
77008.79765	98.70744491
77023.46041	98.51111799
77038.12317	98.36259729
77052.78592	98.21498829
77067.44868	98.02199363
77082.11144	97.78949997
77096.77419	97.55281535
77111.43695	97.36468609
77126.09971	97.23411618
77140.76246	97.13665737
77155.42522	97.01308373
77170.08798	96.84396162
77184.75073	96.67606394
77199.41349	96.54764824
77214.07625	96.47593704
77228.739	96.42404469
77243.40176	96.33757806
77258.06452	96.16197244
77272.72727	95.91394875
77287.39003	95.66805623
77302.05279	95.47138743
77316.71554	95.32652672
77331.3783	95.1524926
77346.04106	94.93168786
77360.70381	94.73439593
77375.36657	94.6079694
77390.02933	94.56604966
77404.69208	94.55958709
77419.35484	94.53560644
77434.0176	94.46522198
77448.68035	94.38380142
77463.34311	94.36051094
77478.00587	94.39632369
77492.66862	94.44925721
77507.33138	94.43698491
77521.99413	94.32644832
77536.65689	94.1494297
77551.31965	94.0044359
77565.9824	93.95720405
77580.64516	93.87808964
77595.30792	93.71165658
77609.97067	93.54318588
77624.63343	93.38392541
77639.29619	93.22222503
77653.95894	93.15443966
77668.6217	93.20003943
77683.28446	93.18247473
77697.94721	93.05134357
77712.60997	92.8838232
77727.27273	92.7702982
77741.93548	92.7475246
77756.59824	92.71741205
77771.261	92.59694878
77785.92375	92.36091057
77800.58651	92.1001366
77815.24927	91.92963059
77829.91202	91.82980793
77844.57478	91.74299766
77859.23754	91.60053198
77873.90029	91.35695141
77888.56305	91.01845252
77903.22581	90.74273795
77917.88856	90.62858486
77932.55132	90.5414483
77947.21408	90.39148386
77961.87683	90.17104703
77976.53959	89.9491407
77991.20235	89.79836379
78005.8651	89.71254585
78020.52786	89.61829905
78035.19062	89.39245256
78049.85337	89.08365417
78064.51613	88.83020452
78079.17889	88.69213862
78093.84164	88.63957286
78108.5044	88.52828702
78123.16716	88.28054965
78137.82991	87.9224856
78152.49267	87.68776436
78167.15543	87.74914101
78181.81818	87.93459158
78196.48094	88.08511084
78211.1437	88.12843748
78225.80645	88.13440597
78240.46921	88.24190558
78255.13196	88.58389821
78269.79472	89.09734502
78284.45748	89.4547954
78299.12023	89.64743729
78313.78299	89.8738799
78328.44575	90.1833432
78343.1085	90.55329911
78357.77126	90.90995544
78372.43402	91.19966288
78387.09677	91.41095581
78401.75953	91.63936513
78416.42229	91.96494032
78431.08504	92.29118471
78445.7478	92.55306834
78460.41056	92.75995022
78475.07331	92.90199344
78489.73607	92.98155046
78504.39883	93.08871176
78519.06158	93.2652659
78533.72434	93.43234411
78548.3871	93.55733736
78563.04985	93.657621
78577.71261	93.77343969
78592.37537	93.92870336
78607.03812	94.09483239
78621.70088	94.23670475
78636.36364	94.32617913
78651.02639	94.37373036
78665.68915	94.41252725
78680.35191	94.48600041
78695.01466	94.60179217
78709.67742	94.71530112
78724.34018	94.78806859
78739.00293	94.79932178
78753.66569	94.77362685
78768.32845	94.75032908
78782.9912	94.76739012
78797.65396	94.81224731
78812.31672	94.83371011
78826.97947	94.82285175
78841.64223	94.79205305
78856.30499	94.76386943
78870.96774	94.76104039
78885.6305	94.7992262
78900.29326	94.84799185
78914.95601	94.86645263
78929.61877	94.87393228
78944.28152	94.89057541
78958.94428	94.91403555
78973.60704	94.91846669
78988.26979	94.8709842
79002.93255	94.78135536
79017.59531	94.68112368
79032.25806	94.61435393
79046.92082	94.58893139
79061.58358	94.573065
79076.24633	94.52475507
79090.90909	94.41604304
79105.57185	94.27016965
79120.2346	94.12111232
79134.89736	93.99835722
79149.56012	93.88747039
79164.22287	93.7495416
79178.88563	93.56262419
79193.54839	93.33319213
79208.21114	93.10913732
79222.8739	92.92285551
79237.53666	92.78257112
79252.19941	92.65848292
79266.86217	92.5203404
79281.52493	92.37665199
79296.18768	92.22676399
79310.85044	92.05398284
79325.5132	91.85435624
79340.17595	91.6322478
79354.83871	91.39590309
79369.50147	91.15592578
79384.16422	90.92639942
79398.82698	90.74148652
79413.48974	90.63401785
79428.15249	90.55521785
79442.81525	90.46680514
79457.47801	90.40336443
79472.14076	90.39811805
79486.80352	90.46695686
79501.46628	90.58560846
79516.12903	90.7188527
79530.79179	90.85448933
79545.45455	90.96729439
79560.1173	91.01422068
79574.78006	90.99946648
79589.44282	90.94954775
79604.10557	90.86524353
79618.76833	90.74782112
79633.43109	90.61296887
79648.09384	90.47159672
79662.7566	90.33048445
79677.41935	90.20291482
79692.08211	90.10440121
79706.74487	90.04912138
79721.40762	90.02560665
79736.07038	89.99863092
79750.73314	89.96880584
79765.39589	89.95282746
79780.05865	89.95432486
79794.72141	89.94918928
79809.38416	89.87823055
79824.04692	89.70098667
79838.70968	89.41755333
79853.37243	89.13746858
79868.03519	88.9406826
79882.69795	88.77092927
79897.3607	88.57174279
79912.02346	88.30956484
79926.68622	88.00192798
79941.34897	87.7041137
79956.01173	87.51055404
79970.67449	87.41602222
79985.33724	87.29054423
80000	87.11551728
80014.66276	86.93897267
80029.32551	86.78603846
80043.98827	86.64215972
80058.65103	86.43843319
80073.31378	86.13736486
80087.97654	85.74606911
80102.6393	85.34904626
80117.30205	85.02296512
80131.96481	84.75638592
80146.62757	84.53413159
80161.29032	84.3579759
80175.95308	84.29111139
80190.61584	84.3794445
80205.27859	84.53028358
80219.94135	84.6390135
80234.60411	84.63619543
80249.26686	84.52452225
80263.92962	84.35905233
80278.59238	84.21825864
80293.25513	84.14112974
80307.91789	84.07914813
80322.58065	83.96269832
80337.2434	83.73837853
80351.90616	83.50371094
80366.56891	83.3778898
80381.23167	83.35865847
80395.89443	83.41401367
80410.55718	83.49742168
80425.21994	83.53198688
80439.8827	83.46127924
80454.54545	83.35411757
80469.20821	83.28142505
80483.87097	83.25884222
80498.53372	83.25451325
80513.19648	83.21646332
80527.85924	83.16101594
80542.52199	83.12231562
80557.18475	83.1230269
80571.84751	83.17215275
80586.51026	83.26592143
80601.17302	83.39674816
80615.83578	83.55396636
80630.49853	83.72229679
80645.16129	83.88240216
80659.82405	84.00857131
80674.4868	84.05132628
80689.14956	83.97031198
80703.81232	83.8192231
80718.47507	83.66469076
80733.13783	83.54104064
80747.80059	83.45244752
80762.46334	83.38463149
80777.1261	83.35374802
80791.78886	83.37117016
80806.45161	83.40853418
80821.11437	83.44211572
80835.77713	83.45458487
80850.43988	83.36344331
80865.10264	83.10457878
80879.7654	82.81686911
80894.42815	82.61979741
80909.09091	82.52714047
80923.75367	82.48240237
80938.41642	82.39835798
80953.07918	82.25167012
80967.74194	82.07604173
80982.40469	81.97582967
80997.06745	81.95310842
81011.73021	81.91190527
81026.39296	81.84621502
81041.05572	81.79218412
81055.71848	81.78675515
81070.38123	81.82459815
81085.04399	81.8455082
81099.70674	81.80714031
81114.3695	81.68721042
81129.03226	81.48963213
81143.69501	81.25176818
81158.35777	81.05249571
81173.02053	80.89916105
81187.68328	80.74235612
81202.34604	80.56824921
81217.0088	80.39363226
81231.67155	80.2735279
81246.33431	80.25326874
81260.99707	80.35631938
81275.65982	80.56739871
81290.32258	80.84898556
81304.98534	81.15482123
81319.64809	81.41994818
81334.31085	81.5615771
81348.97361	81.60256207
81363.63636	81.61625427
81378.29912	81.54398037
81392.96188	81.33608504
81407.62463	81.04138579
81422.28739	80.73773331
81436.95015	80.50470993
81451.6129	80.33735391
81466.27566	80.20829646
81480.93842	80.13856157
81495.60117	80.16037609
81510.26393	80.30169862
81524.92669	80.51201011
81539.58944	80.71305463
81554.2522	80.89268189
81568.91496	81.03631327
81583.57771	81.09477806
81598.24047	81.0748792
81612.90323	81.02040648
81627.56598	80.9096893
81642.22874	80.71756909
81656.8915	80.46658033
81671.55425	80.2675295
81686.21701	80.28646591
81700.87977	80.44346658
81715.54252	80.5656313
81730.20528	80.60488833
81744.86804	80.59490337
81759.53079	80.64153722
81774.19355	80.7546899
81788.8563	80.87884501
81803.51906	80.97079647
81818.18182	80.97425586
81832.84457	80.8033386
81847.50733	80.52352146
81862.17009	80.32000613
81876.83284	80.22747825
81891.4956	80.19616559
81906.15836	80.12422099
81920.82111	79.98061448
81935.48387	79.83399151
81950.14663	79.75413794
81964.80938	79.77295943
81979.47214	79.78631365
81994.1349	79.71344083
82008.79765	79.56615263
82023.46041	79.38389573
82038.12317	79.21698779
82052.78592	79.09792797
82067.44868	79.01940609
82082.11144	78.89995341
82096.77419	78.7228984
82111.43695	78.54304919
82126.09971	78.36395814
82140.76246	78.16613981
82155.42522	77.9379663
82170.08798	77.72152591
82184.75073	77.62158642
82199.41349	77.61827124
82214.07625	77.6219248
82228.739	77.61840647
82243.40176	77.60620765
82258.06452	77.56589043
82272.72727	77.4338763
82287.39003	77.1381711
82302.05279	76.76990367
82316.71554	76.45828005
82331.3783	76.24684031
82346.04106	76.10668255
82360.70381	75.95443576
82375.36657	75.83954795
82390.02933	75.84861835
82404.69208	75.94765389
82419.35484	76.06736946
82434.0176	76.13654524
82448.68035	76.13945591
82463.34311	76.10625642
82478.00587	76.08796741
82492.66862	76.1105496
82507.33138	76.13478846
82521.99413	76.12786562
82536.65689	76.07407581
82551.31965	75.96617496
82565.9824	75.8076445
82580.64516	75.62335199
82595.30792	75.41904195
82609.97067	75.17143294
82624.63343	74.87667486
82639.29619	74.57970199
82653.95894	74.45910426
82668.6217	74.59530226
82683.28446	74.81581658
82697.94721	74.98274189
82712.60997	75.03583522
82727.27273	75.06884801
82741.93548	75.17015104
82756.59824	75.27989635
82771.261	75.31687738
82785.92375	75.21817361
82800.58651	75.0312062
82815.24927	74.84914899
82829.91202	74.71438232
82844.57478	74.62194435
82859.23754	74.51655598
82873.90029	74.39545792
82888.56305	74.29358125
82903.22581	74.23426119
82917.88856	74.25220902
82932.55132	74.41156541
82947.21408	74.65447169
82961.87683	74.83173635
82976.53959	75.00940156
82991.20235	75.24983018
83005.8651	75.35650801
83020.52786	75.20829692
83035.19062	74.86228569
83049.85337	74.49191093
83064.51613	74.27060235
83079.17889	74.10333066
83093.84164	73.923423
83108.5044	73.8210612
83123.16716	73.76682686
83137.82991	73.65064919
83152.49267	73.51633355
83167.15543	73.4487417
83181.81818	73.48008425
83196.48094	73.56244254
83211.1437	73.57907044
83225.80645	73.49817108
83240.46921	73.32183559
83255.13196	73.02374657
83269.79472	72.66614974
83284.45748	72.43647745
83299.12023	72.30246475
83313.78299	72.10386797
83328.44575	71.84067347
83343.1085	71.53816381
83357.77126	71.18215202
83372.43402	70.82378228
83387.09677	70.56803923
83401.75953	70.45041772
83416.42229	70.43518149
83431.08504	70.37831351
83445.7478	70.24572659
83460.41056	70.1449743
83475.07331	70.01483245
83489.73607	69.74840574
83504.39883	69.43038752
83519.06158	69.02793604
83533.72434	68.24261707
83548.3871	67.21681907
83563.04985	66.42730106
83577.71261	66.15514806
83592.37537	66.4532915
83607.03812	67.03166073
83621.70088	67.64831586
83636.36364	68.16372698
83651.02639	68.40143607
83665.68915	68.30064342
83680.35191	68.24667176
83695.01466	68.3943752
83709.67742	68.47223882
83724.34018	68.44145367
83739.00293	68.42663384
83753.66569	68.51540175
83768.32845	68.78428015
83782.9912	69.3052355
83797.65396	69.94353638
83812.31672	70.41349053
83826.97947	70.64861005
83841.64223	70.69946942
83856.30499	70.68630799
83870.96774	70.73699465
83885.6305	70.9587784
83900.29326	71.32880862
83914.95601	71.74442562
83929.61877	72.08205339
83944.28152	72.29627854
83958.94428	72.46568041
83973.60704	72.57189004
83988.26979	72.54286104
84002.93255	72.43573148
84017.59531	72.33383399
84032.25806	72.27061593
84046.92082	72.23050204
84061.58358	72.15925867
84076.24633	72.03479873
84090.90909	71.85693159
84105.57185	71.64333652
84120.2346	71.3936778
84134.89736	71.08371452
84149.56012	70.75988647
84164.22287	70.47479712
84178.88563	70.09975307
84193.54839	69.55245982
84208.21114	68.91830303
84222.8739	68.24279321
84237.53666	67.52408772
84252.19941	66.77754378
84266.86217	66.0243496
84281.52493	65.28039866
84296.18768	64.5617352
84310.85044	63.8854774
84325.5132	63.26843872
84340.17595	62.72728541
84354.83871	62.27880457
84369.50147	61.93974836
84384.16422	61.72678429
84398.82698	61.65686651
84413.48974	61.74691515
84428.15249	62.01253614
84442.81525	62.47114432
84457.47801	63.14398893
84472.14076	64.0396711
84486.80352	65.16336299
84501.46628	66.58262723
84516.12903	68.26094363
84530.79179	69.76485177
84545.45455	70.86182957
84560.1173	71.66335165
84574.78006	72.1703626
84589.44282	72.34299101
84604.10557	72.28388287
84618.76833	72.16658836
84633.43109	72.20105596
84648.09384	72.29612393
84662.7566	72.17711378
84677.41935	71.98770475
84692.08211	71.95641101
84706.74487	72.15275518
84721.40762	72.60510701
84736.07038	73.29577316
84750.73314	73.96400501
84765.39589	74.34542234
84780.05865	74.60926962
84794.72141	74.91575271
84809.38416	75.26936095
84824.04692	75.58498579
84838.70968	75.7383945
84853.37243	75.66810127
84868.03519	75.35123429
84882.69795	74.8033845
84897.3607	74.14719901
84912.02346	73.58640161
84926.68622	73.22025194
84941.34897	73.05519029
84956.01173	72.9750064
84970.67449	72.88880928
84985.33724	72.77020239
85000	72.60834224
85014.66276	72.447608
85029.32551	72.5288335
85043.98827	72.88401278
85058.65103	73.13092112
85073.31378	73.0580795
85087.97654	72.63923392
85102.6393	71.93617476
85117.30205	71.13652418
85131.96481	70.64256379
85146.62757	70.53507067
85161.29032	70.52710789
85175.95308	70.38786448
85190.61584	70.03729487
85205.27859	69.74089556
85219.94135	69.74465478
85234.60411	70.11977632
85249.26686	70.54721206
85263.92962	70.56059824
85278.59238	70.20729646
85293.25513	69.70496544
85307.91789	69.30553291
85322.58065	69.14573676
85337.2434	69.22595583
85351.90616	69.37643798
85366.56891	69.43592353
85381.23167	69.4654312
85395.89443	69.65337458
85410.55718	70.25360485
85425.21994	71.10760932
85439.8827	71.89334283
85454.54545	72.52308468
85469.20821	72.97762982
85483.87097	73.24912218
85498.53372	73.40139383
85513.19648	73.53583024
85527.85924	73.66130471
85542.52199	73.74239318
85557.18475	73.71920624
85571.84751	73.60691764
85586.51026	73.49238735
85601.17302	73.39708399
85615.83578	73.33138309
85630.49853	73.37880207
85645.16129	73.55071729
85659.82405	73.74903944
85674.4868	73.96413513
85689.14956	74.21199974
85703.81232	74.37018149
85718.47507	74.38077004
85733.13783	74.38632895
85747.80059	74.45085055
85762.46334	74.53238063
85777.1261	74.47557533
85791.78886	74.14506998
85806.45161	73.56557828
85821.11437	73.00743509
85835.77713	72.9485592
85850.43988	73.46599558
85865.10264	74.37826612
85879.7654	75.4092117
85894.42815	76.30446156
85909.09091	76.89871586
85923.75367	77.31867736
85938.41642	77.81130384
85953.07918	78.22517901
85967.74194	78.35459357
85982.40469	78.19058685
85997.06745	77.83406203
86011.73021	77.4516419
86026.39296	77.0794469
86041.05572	76.74105015
86055.71848	76.58507801
86070.38123	76.67560173
86085.04399	76.92609597
86099.70674	77.2234399
86114.3695	77.45134469
86129.03226	77.5225624
86143.69501	77.42435768
86158.35777	77.25069383
86173.02053	76.9490897
86187.68328	76.39772232
86202.34604	75.80845719
86217.0088	75.35468279
86231.67155	74.77406286
86246.33431	73.96901613
86260.99707	73.11335997
86275.65982	72.49628472
86290.32258	72.36050569
86304.98534	72.63487193
86319.64809	73.17021969
86334.31085	73.81476107
86348.97361	74.379426
86363.63636	74.70216473
86378.29912	74.88856536
86392.96188	75.00430648
86407.62463	74.88216553
86422.28739	74.48800559
86436.95015	73.96196852
86451.6129	73.56006037
86466.27566	73.4813442
86480.93842	73.61514635
86495.60117	73.83623449
86510.26393	74.0787926
86524.92669	74.35872427
86539.58944	74.70058021
86554.2522	74.99482787
86568.91496	75.19253831
86583.57771	75.41104477
86598.24047	75.64679182
86612.90323	75.80767899
86627.56598	75.93598644
86642.22874	76.08287607
86656.8915	76.21283031
86671.55425	76.29809673
86686.21701	76.33727135
86700.87977	76.34998247
86715.54252	76.35840771
86730.20528	76.35877879
86744.86804	76.34837877
86759.53079	76.33177015
86774.19355	76.29064962
86788.8563	76.20641326
86803.51906	76.12454758
86818.18182	76.07290852
86832.84457	76.0031162
86847.50733	75.89854948
86862.17009	75.78299096
86876.83284	75.70039044
86891.4956	75.6819534
86906.15836	75.7071926
86920.82111	75.77122938
86935.48387	75.89109748
86950.14663	75.99151665
86964.80938	75.99108329
86979.47214	76.00130019
86994.1349	76.06371065
87008.79765	76.04040202
87023.46041	75.91370708
87038.12317	75.76300871
87052.78592	75.62523399
87067.44868	75.50984493
87082.11144	75.40159716
87096.77419	75.24972464
87111.43695	74.98613062
87126.09971	74.66816016
87140.76246	74.40647274
87155.42522	74.29034046
87170.08798	74.28332441
87184.75073	74.19538911
87199.41349	74.03209602
87214.07625	73.9104081
87228.739	73.82480705
87243.40176	73.7536204
87258.06452	73.70365561
87272.72727	73.60404329
87287.39003	73.34722946
87302.05279	73.02320629
87316.71554	72.73754968
87331.3783	72.41166342
87346.04106	72.00533373
87360.70381	71.56476888
87375.36657	71.19614818
87390.02933	70.99235637
87404.69208	70.90258253
87419.35484	70.89699533
87434.0176	71.03871365
87448.68035	71.36743844
87463.34311	71.85989235
87478.00587	72.28640432
87492.66862	72.47171267
87507.33138	72.49240841
87521.99413	72.46088773
87536.65689	72.4764618
87551.31965	72.55430028
87565.9824	72.65747803
87580.64516	72.71396342
87595.30792	72.74680849
87609.97067	72.89697353
87624.63343	73.11715933
87639.29619	73.27978819
87653.95894	73.41495985
87668.6217	73.53193787
87683.28446	73.52040652
87697.94721	73.43643411
87712.60997	73.46051177
87727.27273	73.59928609
87741.93548	73.7693522
87756.59824	73.83757862
87771.261	73.83225466
87785.92375	73.95122387
87800.58651	74.18941254
87815.24927	74.44483744
87829.91202	74.68614708
87844.57478	74.89862753
87859.23754	75.07277541
87873.90029	75.24051935
87888.56305	75.44733267
87903.22581	75.66952212
87917.88856	75.84114524
87932.55132	75.86146019
87947.21408	75.73398967
87961.87683	75.56360672
87976.53959	75.43115754
87991.20235	75.36020214
88005.8651	75.25505176
88020.52786	75.09635395
88035.19062	74.98466242
88049.85337	74.90407483
88064.51613	74.79714083
88079.17889	74.75543846
88093.84164	74.82315449
88108.5044	74.90227971
88123.16716	74.93188746
88137.82991	74.89426684
88152.49267	74.77726754
88167.15543	74.57646928
88181.81818	74.30260785
88196.48094	73.99414434
88211.1437	73.71088988
88225.80645	73.45884474
88240.46921	73.22046227
88255.13196	72.98966943
88269.79472	72.75344111
88284.45748	72.48539941
88299.12023	72.17406591
88313.78299	71.8376331
88328.44575	71.58427811
88343.1085	71.45378517
88357.77126	71.30373019
88372.43402	70.98939295
88387.09677	70.4432302
88401.75953	69.95130386
88416.42229	69.80416525
88431.08504	69.86113345
88445.7478	69.97188447
88460.41056	70.07184853
88475.07331	70.15577922
88489.73607	70.25390695
88504.39883	70.40974477
88519.06158	70.64707831
88533.72434	70.94693141
88548.3871	71.23060539
88563.04985	71.39894976
88577.71261	71.48484001
88592.37537	71.55000598
88607.03812	71.61792674
88621.70088	71.67205225
88636.36364	71.67659699
88651.02639	71.71920945
88665.68915	71.89820551
88680.35191	72.13999127
88695.01466	72.37596685
88709.67742	72.59352633
88724.34018	72.79139747
88739.00293	72.9706965
88753.66569	73.12244291
88768.32845	73.23251013
88782.9912	73.28318907
88797.65396	73.25888552
88812.31672	73.16094429
88826.97947	73.0874497
88841.64223	73.10363748
88856.30499	73.1010598
88870.96774	73.01955938
88885.6305	72.89418591
88900.29326	72.74447097
88914.95601	72.5943037
88929.61877	72.53099322
88944.28152	72.58767116
88958.94428	72.6916178
88973.60704	72.80698292
88988.26979	72.92747205
89002.93255	73.0220313
89017.59531	73.09278266
89032.25806	73.23402171
89046.92082	73.43237999
89061.58358	73.56057284
89076.24633	73.54937081
89090.90909	73.40344353
89105.57185	73.25298199
89120.2346	73.1481016
89134.89736	72.9979539
89149.56012	72.78401651
89164.22287	72.53871411
89178.88563	72.2810834
89193.54839	72.05796088
89208.21114	71.96344218
89222.8739	71.94766859
89237.53666	71.86193392
89252.19941	71.71757987
89266.86217	71.58829253
89281.52493	71.5312423
89296.18768	71.52438274
89310.85044	71.47256802
89325.5132	71.41341679
89340.17595	71.40061042
89354.83871	71.31067777
89369.50147	71.11260616
89384.16422	70.98222517
89398.82698	70.96669045
89413.48974	70.99622304
89428.15249	70.95430932
89442.81525	70.82713361
89457.47801	70.82660181
89472.14076	70.9536016
89486.80352	71.01032695
89501.46628	71.04857904
89516.12903	71.17653287
89530.79179	71.30589359
89545.45455	71.40759873
89560.1173	71.56786531
89574.78006	71.79084518
89589.44282	72.0258018
89604.10557	72.21892423
89618.76833	72.36291563
89633.43109	72.53186572
89648.09384	72.73990266
89662.7566	72.93901695
89677.41935	73.04911684
89692.08211	73.05468466
89706.74487	73.10919742
89721.40762	73.25857332
89736.07038	73.40317531
89750.73314	73.48677951
89765.39589	73.49988336
89780.05865	73.49927956
89794.72141	73.55816809
89809.38416	73.74424744
89824.04692	74.01658871
89838.70968	74.2701803
89853.37243	74.44694844
89868.03519	74.50929691
89882.69795	74.43205704
89897.3607	74.31290006
89912.02346	74.32476696
89926.68622	74.37019179
89941.34897	74.30717241
89956.01173	74.1772761
89970.67449	74.05387052
89985.33724	73.99593243
90000	73.98103387
